JOB_NAME=3592699ap7
ODB_VERSION_MAJOR=6
ODB_VERSION_MINOR=1
CREATION_DATE=20240308.174932
SAVE_DATE=20240308.180145
SAVE_APP=Genesis 09.07b2
SAVE_USER=1
